R [kpc]     M_sun/kpc^2
0.00e+00    8.80725e+09
5.00e-01    2.13275e+09
1.00e+00    1.19672e+09
1.50e+00    8.12425e+08
2.00e+00    5.96710e+08
2.50e+00    4.56608e+08
3.00e+00    3.57953e+08
3.50e+00    2.84989e+08
4.00e+00    2.29295e+08
4.50e+00    1.85866e+08
5.00e+00    1.51494e+08
5.50e+00    1.23994e+08
6.00e+00    1.01817e+08
6.50e+00    8.38242e+07
7.00e+00    6.91568e+07
7.50e+00    5.71559e+07
8.00e+00    4.73073e+07
8.50e+00    3.92053e+07
9.00e+00    3.25264e+07
9.50e+00    2.70113e+07
1.00e+01    2.24505e+07
1.05e+01    1.86741e+07
1.10e+01    1.55438e+07
1.15e+01    1.29464e+07
1.20e+01    1.07894e+07
1.25e+01    8.99663e+06
1.30e+01    7.50558e+06
1.35e+01    6.26463e+06
1.40e+01    5.23122e+06
1.45e+01    4.37015e+06
1.50e+01    3.65230e+06
1.55e+01    3.05356e+06
1.60e+01    2.55392e+06
1.65e+01    2.13680e+06
1.70e+01    1.78843e+06
1.75e+01    1.49736e+06
1.80e+01    1.25406e+06
1.85e+01    1.05063e+06
1.90e+01    8.80464e+05
1.95e+01    7.38078e+05
2.00e+01    6.18897e+05
2.05e+01    5.19106e+05
2.10e+01    4.35524e+05
2.15e+01    3.65497e+05
2.20e+01    3.06809e+05
2.25e+01    2.57610e+05
2.30e+01    2.16354e+05
2.35e+01    1.81749e+05
2.40e+01    1.52715e+05
2.45e+01    1.28349e+05
2.50e+01    1.07895e+05
2.55e+01    9.07199e+04
2.60e+01    7.62954e+04
2.65e+01    6.41780e+04
2.70e+01    5.39961e+04
2.75e+01    4.54387e+04
2.80e+01    3.82449e+04
2.85e+01    3.21962e+04
2.90e+01    2.71092e+04
2.95e+01    2.28301e+04
3.00e+01    1.92299e+04
3.05e+01    1.62002e+04
3.10e+01    1.36501e+04
3.15e+01    1.15034e+04
3.20e+01    9.69579e+03
3.25e+01    8.17353e+03
3.30e+01    6.89132e+03
3.35e+01    5.81112e+03
3.40e+01    4.90095e+03
3.45e+01    4.13392e+03
3.50e+01    3.48742e+03
3.55e+01    2.94242e+03
3.60e+01    2.48291e+03
3.65e+01    2.09543e+03
3.70e+01    1.76864e+03
3.75e+01    1.49300e+03
3.80e+01    1.26046e+03
3.85e+01    1.06426e+03
3.90e+01    8.98700e+02
3.95e+01    7.58977e+02
4.00e+01    6.41045e+02
4.05e+01    5.41493e+02
4.10e+01    4.57446e+02
4.15e+01    3.86481e+02
4.20e+01    3.26557e+02
4.25e+01    2.75948e+02
4.30e+01    2.33204e+02
4.35e+01    1.97097e+02
4.40e+01    1.66595e+02
4.45e+01    1.40824e+02
4.50e+01    1.19049e+02
4.55e+01    1.00649e+02
4.60e+01    8.50994e+01
4.65e+01    7.19570e+01
4.70e+01    6.08485e+01
4.75e+01    5.14584e+01
4.80e+01    4.35202e+01
4.85e+01    3.68089e+01
4.90e+01    3.11345e+01
4.95e+01    2.63365e+01
5.00e+01    2.22791e+01
5.05e+01    1.88479e+01
5.10e+01    1.59460e+01
5.15e+01    1.34915e+01
5.20e+01    1.14155e+01
5.25e+01    9.65940e+00
5.30e+01    8.17383e+00
5.35e+01    6.91706e+00
5.40e+01    5.85379e+00
5.45e+01    4.95418e+00
5.50e+01    4.19300e+00
5.55e+01    3.54891e+00
5.60e+01    3.00388e+00
5.65e+01    2.54266e+00
5.70e+01    2.15233e+00
5.75e+01    1.82198e+00
5.80e+01    1.54240e+00
5.85e+01    1.30576e+00
5.90e+01    1.10546e+00
5.95e+01    9.35915e-01
6.00e+01    7.92398e-01
6.05e+01    6.70909e-01
6.10e+01    5.68063e-01
6.15e+01    4.80995e-01
6.20e+01    4.07284e-01
6.25e+01    3.44877e-01
6.30e+01    2.92041e-01
6.35e+01    2.47305e-01
6.40e+01    2.09427e-01
6.45e+01    1.77354e-01
6.50e+01    1.50196e-01
6.55e+01    1.27200e-01
6.60e+01    1.07727e-01
6.65e+01    9.12368e-02
6.70e+01    7.72723e-02
6.75e+01    6.54464e-02
6.80e+01    5.54314e-02
6.85e+01    4.69498e-02
6.90e+01    3.97666e-02
6.95e+01    3.36829e-02
7.00e+01    2.85305e-02
7.05e+01    2.41665e-02
7.10e+01    2.04704e-02
7.15e+01    1.73398e-02
7.20e+01    1.46882e-02
7.25e+01    1.24422e-02
7.30e+01    1.05398e-02
7.35e+01    8.92840e-03
7.40e+01    7.56344e-03
7.45e+01    6.40723e-03
7.50e+01    5.42783e-03
7.55e+01    4.59819e-03
7.60e+01    3.89540e-03
7.65e+01    3.30006e-03
7.70e+01    2.79573e-03
7.75e+01    2.36850e-03
7.80e+01    2.00658e-03
7.85e+01    1.69997e-03
7.90e+01    1.44023e-03
7.95e+01    1.22018e-03
8.00e+01    1.03376e-03
8.05e+01    8.75834e-04
8.10e+01    7.42036e-04
8.15e+01    6.28683e-04
8.20e+01    5.32649e-04
8.25e+01    4.51288e-04
8.30e+01    3.82357e-04
8.35e+01    3.23957e-04
8.40e+01    2.74478e-04
8.45e+01    2.32558e-04
8.50e+01    1.97041e-04
8.55e+01    1.66949e-04
8.60e+01    1.41454e-04
8.65e+01    1.19853e-04
8.70e+01    1.01551e-04
8.75e+01    8.60439e-05
8.80e+01    7.29053e-05
8.85e+01    6.17732e-05
8.90e+01    5.23411e-05
8.95e+01    4.43494e-05
9.00e+01    3.75780e-05
9.05e+01    3.18407e-05
9.10e+01    2.69794e-05
9.15e+01    2.28604e-05
9.20e+01    1.93703e-05
9.25e+01    1.64131e-05
9.30e+01    1.39074e-05
9.35e+01    1.17843e-05
9.40e+01    9.98533e-06
9.45e+01    8.46101e-06
9.50e+01    7.16941e-06
9.55e+01    6.07499e-06
9.60e+01    5.14765e-06
9.65e+01    4.36188e-06
9.70e+01    3.69607e-06
9.75e+01    3.13189e-06
9.80e+01    2.65384e-06
9.85e+01    2.24876e-06
9.90e+01    1.90552e-06
9.95e+01    1.61467e-06
1.00e+02    1.36822e-06
